[DEFAULT]
gens = 2000
population_size = 50
n_nodes = 50
max_back = 20

[CGPPARAMS]
n_nodes = 50
max_back = 30

[OPTIMPARAMS]
omega = 0.8341182143924175
eta1 = 2.103778162212629
eta2 = 1.1756571476555204
max_vel = 0.5190920940294755
variant = 3
neighb_type = 3

