[DEFAULT]
gens = 2000
population_size = 50
n_nodes = 50
max_back = 20

[CGPPARAMS]
n_nodes = 50
max_back = 15

[OPTIMPARAMS]
omega = 0.9239887384833634
eta1 = 0.01
eta2 = 0.2215474552128737
max_vel = 0.01
variant = 4
neighb_type = 4

