[DEFAULT]
gens = 2000
population_size = 50
n_nodes = 50
max_back = 20

[CGPPARAMS]
n_nodes = 50
max_back = 30

[OPTIMPARAMS]
omega = 0.710991852018085
eta1 = 0.7354816191563315
eta2 = 1.1720042693901873
max_vel = 0.46150928437486555
variant = 5
neighb_type = 5

