[DEFAULT]
gens = 2000
population_size = 50
n_nodes = 50
max_back = 20

[CGPPARAMS]
n_nodes = 50
max_back = 30

[OPTIMPARAMS]
omega = 0.7734543039758172
eta1 = 1.4296143824022138
eta2 = 1.1738514732109773
max_vel = 0.49071527498004885
variant = 3
neighb_type = 3

