[DEFAULT]
gens = 2000
population_size = 50
n_nodes = 50
max_back = 20

[CGPPARAMS]
n_nodes = 50
max_back = 30

[OPTIMPARAMS]
omega = 0.7818940902700415
eta1 = 1.3414973584446972
eta2 = 3.754825308972843

