[DEFAULT]
gens = 2000
population_size = 50
n_nodes = 50
max_back = 20

[CGPPARAMS]
n_nodes = 50
max_back = 20

[OPTIMPARAMS]
omega = 0.45137442532505523
eta1 = 2.607045007065923
eta2 = 3.9689241215719577

